Sample	ALS653	ALS197	ALS122	ALS376	EPSPS210	PPOdel	ALS574
5396	0	0	0	0	0	0	2
5395	0	0	0	0	0	1	2
5394	0	0	0	1	0	2	1
5385	0	0	0	0	1	0	0
5381	0	0	0	0	0	0	1
5378	1	0	0	0	0	1	1
5377	0	0	0	0	0	0	0
5375	0	0	0	0	2	0	0
5369	0	0	0	0	0	0	1
5359	0	0	0	1	0	0	1
5357	0	0	0	0	0	0	0
5348	0	0	0	0	0	0	0
5346	1	0	0	0	0	0	0
5079	0	0	0	0	0	1	1
4886	0	0	0	0	0	1	1
5393	0	0	0	0	0	0	1
5053	0	0	0	0	0	0	1
5223	0	0	0	0	0	2	2
5040	0	0	0	1	0	0	0
556	0	0	0	0	0	1	0
503	0	0	0	0	0	0	0
5333	0	0	0	1	0	0	1
4964	0	0	0	0	0	0	0
5015	0	0	0	1	0	0	0
5002	0	0	0	0	0	0	0
4989	0	0	0	0	0	1	1
4968	0	0	0	0	0	0	2
5197	0	0	0	0	1	2	0
4966	0	0	0	0	1	0	0
5234	0	0	0	0	2	0	0
4965	0	0	0	0	1	2	0
4907	0	0	0	0	1	0	0
4862	1	0	0	0	0	0	1
4958	0	0	0	0	0	0	0
4955	0	0	0	1	0	0	1
4935	0	0	0	0	0	1	2
4928	0	0	0	0	0	2	0
5343	0	0	0	0	0	0	0
5294	0	0	0	1	0	0	0
5031	0	0	0	0	0	0	0
4828	2	0	0	0	0	2	0
4925	0	0	0	0	0	0	0
4921	0	0	0	0	0	0	1
5323	0	0	0	0	0	0	0
5389	0	0	0	1	0	0	1
4948	0	0	0	0	1	0	0
4902	0	1	0	0	0	0	0
4917	0	0	0	0	1	0	2
4899	0	0	0	0	0	1	2
5008	0	0	0	0	1	2	1
4854	0	0	0	0	0	1	0
5262	0	0	0	0	0	1	0
4822	0	0	0	0	0	0	1
5073	1	0	0	0	0	1	0
4979	0	0	0	0	0	0	0
4820	0	0	0	1	1	0	1
4821	0	0	0	0	0	0	1
4814	0	0	0	1	1	0	0
5258	0	0	0	0	0	1	0
4819	0	0	0	0	0	0	1
5122	1	0	0	0	0	1	0
5205	0	0	0	0	0	0	0
4909	0	0	0	0	0	0	2
5018	0	0	0	0	0	0	0
4960	0	0	0	0	0	0	0
4876	0	0	0	0	1	0	0
4944	0	0	0	0	1	0	0
4919	0	0	0	0	1	0	0
5271	0	0	1	0	0	2	1
4826	0	0	0	0	0	2	2
4888	0	0	0	1	0	0	0
5264	0	0	0	0	0	0	1
5145	0	0	0	0	0	0	1
5061	0	0	0	0	0	2	1
5066	0	0	0	1	0	0	1
4887	0	0	0	0	1	1	0
4830	0	0	0	0	0	0	0
5296	0	0	2	0	0	2	0
4806	1	0	0	0	0	0	0
4802	0	0	0	0	0	0	2
5006	0	0	0	0	0	0	0
5171	1	0	0	0	0	0	2
4803	0	0	0	0	0	0	1
5156	1	0	0	0	0	0	0
4873	0	0	0	0	0	1	2
5219	0	0	0	0	0	0	2
4981	0	0	0	0	0	1	1
5233	1	0	0	0	1	1	1
5117	0	0	0	0	1	1	1
4869	0	0	0	0	0	0	2
5137	0	0	0	0	0	0	0
4832	0	0	0	0	0	0	0
4912	0	0	0	0	0	0	1
4982	0	1	0	0	0	0	1
5380	0	0	0	0	0	0	2
5329	0	0	0	0	0	0	0
5084	0	0	0	1	0	2	2
5330	0	0	0	0	0	0	1
5136	0	0	0	0	0	0	1
4846	0	0	0	0	0	0	0
4809	0	0	0	0	0	0	0
4850	0	0	0	0	0	1	1
5032	0	0	0	1	0	0	0
5242	0	0	0	0	0	1	0
4861	0	0	0	0	0	0	1
4882	0	0	0	0	0	0	0
4933	0	0	0	0	0	0	1
4895	1	0	1	0	0	0	0
4875	0	0	0	1	0	0	0
450	0	0	0	0	0	0	0
4891	1	0	0	0	0	0	0
5225	0	0	0	0	0	1	2
5086	0	0	0	2	0	0	0
5221	0	0	0	0	1	0	0
5097	0	0	0	0	0	2	1
5098	0	0	0	0	0	0	2
4813	0	0	0	0	0	0	0
5099	0	0	0	0	0	2	0
5102	1	0	0	0	0	1	0
5216	0	0	0	0	0	1	1
5387	0	0	0	0	2	1	1
5105	0	0	0	0	1	0	0
5110	0	0	0	0	0	0	1
5125	0	0	0	0	0	0	0
5134	0	0	0	0	0	0	1
5142	0	0	0	0	0	0	1
5144	0	0	0	0	0	0	1
342	0	0	0	0	0	2	1
5147	0	0	0	0	1	0	1
5115	0	0	0	1	0	0	0
5150	0	0	0	0	0	1	0
5151	0	0	0	0	0	1	0
4801	0	0	0	0	1	1	1
5238	1	0	0	0	0	1	0
5163	0	0	0	0	0	0	1
5089	1	0	0	0	0	0	1
5165	0	0	0	0	0	0	1
5320	0	0	0	0	0	0	0
5202	0	0	0	0	0	0	0
5176	0	0	0	0	0	2	2
5183	0	0	0	0	0	0	0
4984	0	0	0	0	0	1	1
5203	1	0	0	0	0	0	0
5157	1	0	0	0	0	0	0
5287	0	0	1	0	0	0	0
4810	0	0	0	0	0	1	2
5204	1	0	0	0	1	0	1
5116	0	0	0	0	1	0	0
5206	0	0	0	0	1	0	0
4939	1	0	0	0	0	0	0
5208	0	0	0	0	1	0	0
5209	0	0	0	0	0	0	0
5368	0	0	0	0	2	0	0
5213	0	0	0	0	0	0	0
5400	0	0	0	0	0	0	0
5220	0	1	0	0	1	0	0
5222	0	0	0	0	0	1	2
5249	0	1	0	1	0	1	0
5227	0	0	0	1	0	2	1
4866	0	0	0	0	0	1	0
5239	0	0	0	0	0	1	1
5161	0	0	0	0	0	0	0
5317	1	0	0	0	0	0	0
5285	0	0	0	0	0	0	2
5261	0	0	0	0	0	0	0
5268	1	0	1	0	0	0	0
5270	0	0	0	0	0	0	0
5100	0	0	0	0	0	0	0
5247	0	0	0	0	1	1	1
5277	0	0	0	0	0	0	0
5284	0	0	0	0	0	0	2
5300	0	0	0	0	0	0	0
5244	0	0	0	0	0	1	1
5326	0	0	0	0	0	0	0
5312	1	0	0	0	1	0	0
5316	0	0	0	0	0	0	0
5170	0	0	0	0	0	0	0
5321	0	1	0	0	1	0	1
4977	1	0	0	0	0	0	0
4841	0	0	0	0	0	0	0
4860	0	0	0	0	0	0	0
5138	0	0	0	0	0	0	0
5325	0	0	0	0	0	0	0
5334	0	0	0	0	0	0	0
5189	0	0	0	0	0	0	0
5169	0	0	0	0	0	0	2
5337	0	0	0	1	0	0	1